60 5 1.000000 0.083333 0.016667 0.200000 11 0 0
60 5 2.000000 0.166667 0.033333 0.200000 11 0 0
60 5 3.000000 0.250000 0.050000 0.200000 11 0 0
60 5 4.000000 0.333333 0.066667 0.200000 11 0 0
120 5 1.000000 0.041667 0.008333 0.200000 23 0 0
120 5 2.000000 0.083333 0.016667 0.200000 23 0 0
120 5 3.000000 0.125000 0.025000 0.200000 23 0 0
120 5 4.000000 0.166667 0.033333 0.200000 23 0 0
180 5 1.000000 0.027778 0.005556 0.200000 35 0 0
180 5 2.000000 0.055556 0.011111 0.200000 35 0 0
180 5 3.000000 0.083333 0.016667 0.200000 35 0 0
180 5 4.000000 0.111111 0.022222 0.200000 35 0 0
240 5 1.000000 0.020833 0.004167 0.200000 47 0 0
240 5 2.000000 0.041667 0.008333 0.200000 47 0 0
240 5 3.000000 0.062500 0.012500 0.200000 47 0 0
240 5 4.000000 0.083333 0.016667 0.200000 47 0 0